0 2
0 1
0 6
0 5
0 7
0 3
0 4
1 15
1 22
1 2
1 6
1 5
1 8
1 3
1 4
2 20
2 6
2 5
2 9
2 16
2 3
2 4
3 6
3 5
3 10
3 4
3 59
4 14
4 21
4 6
4 5
4 11
4 28
4 35
4 42
4 49
4 84
4 77
5 15
5 22
5 6
5 8
6 13
7 9
7 13
7 8
7 10
7 11
7 12
8 15
8 22
8 9
8 13
8 10
8 11
8 12
9 20
9 13
9 16
9 10
9 11
9 12
10 13
10 11
10 12
10 59
11 14
11 21
11 13
11 12
11 28
11 35
11 42
11 49
11 84
11 77
12 13
12 33
12 61
14 15
14 21
14 19
14 20
14 18
14 16
14 17
14 28
14 35
14 42
14 49
14 84
14 77
15 22
15 19
15 20
15 18
15 16
15 17
16 19
16 20
16 18
16 17
17 19
17 20
17 24
17 18
17 31
17 52
18 19
18 20
18 25
18 53
18 39
18 60
18 32
19 20
19 26
19 89
19 75
19 68
21 22
21 23
21 24
21 25
21 26
21 28
21 35
21 42
21 49
21 27
21 84
21 77
22 23
22 24
22 25
22 26
22 27
23 24
23 25
23 26
23 114
23 27
24 25
24 26
24 31
24 27
24 52
25 26
25 53
25 39
25 60
25 27
25 32
26 89
26 27
26 75
26 68
27 62
28 31
28 34
28 29
28 35
28 30
28 42
28 33
28 49
28 32
28 84
28 77
29 31
29 36
29 43
29 34
29 30
29 47
29 33
29 50
29 32
30 31
30 34
30 33
30 44
30 58
30 32
31 34
31 33
31 52
31 32
32 34
32 53
32 39
32 33
32 60
33 34
33 61
34 44
34 58
35 36
35 39
35 40
35 42
35 49
35 37
35 41
35 38
35 84
35 77
36 43
36 39
36 40
36 47
36 37
36 50
36 41
36 38
37 39
37 40
37 41
37 38
38 45
38 66
38 39
38 40
38 41
38 73
39 53
39 40
39 60
39 41
40 103
40 110
40 99
40 106
40 41
41 100
41 104
41 69
42 48
42 45
42 43
42 46
42 47
42 49
42 44
42 84
42 77
43 48
43 45
43 46
43 47
43 44
43 50
44 48
44 45
44 46
44 47
44 58
45 48
45 66
45 46
45 47
45 73
46 48
46 47
46 81
47 48
47 50
48 76
48 72
49 53
49 54
49 50
49 52
49 55
49 51
49 84
49 77
50 53
50 54
50 52
50 55
50 51
51 121
51 53
51 54
51 52
51 55
51 65
52 53
52 54
52 55
53 54
53 60
53 55
54 55
55 121
55 65
56 112
56 119
56 91
56 95
56 98
56 105
56 102
56 57
56 59
56 62
56 63
56 60
56 61
56 58
56 70
57 59
57 62
57 60
57 61
57 58
57 82
57 85
57 78
58 59
58 62
58 60
58 61
59 62
59 60
59 61
60 62
60 61
61 62
63 112
63 119
63 91
63 95
63 98
63 105
63 102
63 67
63 66
63 65
63 64
63 69
63 68
63 70
64 67
64 66
64 65
64 69
64 68
65 121
65 67
65 66
65 69
65 68
66 67
66 69
66 68
66 73
67 123
67 109
67 69
67 68
67 74
68 89
68 75
68 69
69 100
69 104
70 112
70 119
70 91
70 95
70 98
70 105
70 102
70 75
70 74
70 71
70 73
70 76
70 72
71 92
71 75
71 74
71 73
71 76
71 72
72 75
72 74
72 73
72 76
73 75
73 74
73 76
74 123
74 109
74 75
74 76
75 89
75 76
77 79
77 80
77 82
77 84
77 83
77 81
77 78
78 79
78 80
78 82
78 85
78 83
78 81
79 86
79 80
79 82
79 83
79 81
80 108
80 115
80 101
80 94
80 87
80 82
80 83
80 81
81 82
81 83
82 85
82 83
83 86
84 88
84 90
84 89
84 86
84 87
84 85
85 88
85 90
85 89
85 86
85 87
86 88
86 90
86 89
86 87
87 88
87 90
87 108
87 115
87 101
87 94
87 89
88 90
88 116
88 89
89 90
91 96
91 112
91 119
91 95
91 98
91 94
91 105
91 93
91 92
91 97
91 102
92 96
92 95
92 94
92 93
92 97
93 118
93 96
93 125
93 95
93 94
93 111
93 97
93 107
94 96
94 108
94 95
94 115
94 101
94 97
95 96
95 112
95 119
95 98
95 105
95 97
95 102
96 113
96 120
96 124
96 117
96 97
97 118
97 125
97 111
97 107
98 103
98 112
98 100
98 119
98 101
98 99
98 105
98 104
98 102
99 103
99 110
99 100
99 101
99 104
99 106
99 102
100 103
100 101
100 104
100 102
101 103
101 108
101 115
101 104
101 102
102 103
102 112
102 119
102 105
102 104
103 110
103 104
103 106
105 110
105 108
105 112
105 119
105 109
105 111
105 106
105 107
106 110
106 108
106 109
106 111
106 107
107 118
107 110
107 108
107 125
107 109
107 111
108 110
108 115
108 109
108 111
109 110
109 123
109 111
110 111
111 118
111 125
112 118
112 113
112 116
112 119
112 115
112 117
112 114
113 118
113 120
113 116
113 124
113 115
113 117
113 114
114 118
114 116
114 115
114 117
115 118
115 116
115 117
116 118
116 117
117 118
117 120
117 124
118 125
119 120
119 121
119 125
119 126
119 122
119 124
119 123
120 121
120 125
120 126
120 122
120 124
120 123
121 125
121 126
121 122
121 124
121 123
122 125
122 126
122 124
122 123
123 125
123 126
123 124
124 125
124 126
125 126
